35659.0
37973.0
35817.0
35388.0
23039.0
19966.0
22138.0
49776.0
24592.0
40040.0
46493.0
36230.0
34695.0
34342.0
36201.0
45429.0
48243.0
18458.0
32939.0
34658.0
46892.0
38158.0
44639.0
37080.0
36942.0
30748.0
29130.0
26574.0
20463.0
27522.0
24132.0
46919.0
19027.0
21150.0
21839.0
16714.0
44917.0
31147.0
28502.0
44307.0
46384.0
47191.0
31479.0
18997.0
45707.0
35974.0
22533.0
36277.0
40066.0
26478.0
33277.0
45799.0
46832.0
22422.0
36243.0
32432.0
25518.0
35932.0
44766.0
17604.0
29875.0
33822.0
21665.0
19131.0
27617.0
20190.0
27345.0
48259.0
33866.0
46298.0
22746.0
39589.0
43304.0
33129.0
26667.0
35799.0
40499.0
39742.0
36050.0
39319.0
37339.0
46399.0
42110.0
47993.0
19629.0
31004.0
45575.0
33509.0
48028.0
44802.0
36347.0
35236.0
37216.0
16890.0
25872.0
17797.0
44615.0
23720.0
38643.0
31353.0
